logFC	AveExpr	t	P.Value	adj.P.Val	B
ENO2	-0.905695966510418	5.86939729228516	-11.2551202255338	9.10466443943703e-13	7.83092188435979e-09	18.3829624176004
ADH1B	2.02302729822917	5.16265915644531	8.40932439367124	1.13086213054597e-09	3.27831790576827e-06	11.9424768758275
ADH1C	1.49528473104166	4.40583015273438	8.40520104512775	1.14346630825541e-09	3.27831790576827e-06	11.9322552514006
CEBPD	0.952143901093748	6.17388422880859	8.17707649275782	2.11827136768248e-09	4.55481300835925e-06	11.3628894675951
ADH1A	1.66205948854167	5.21648600273438	7.14244778540231	3.74985953662911e-08	4.95530804752866e-05	8.69070637061614
MID1	1.1350513859375	6.18537608808594	7.11678491334133	4.03292132690392e-08	4.95530804752866e-05	8.62269710958504
AMIGO2	-0.853085561041669	5.07180601132812	-6.98016262921596	5.94772857631249e-08	6.39455168560797e-05	8.25936807794723
AKR1C3	2.33503426578125	5.97480081767578	6.88978189438521	7.69840929552602e-08	7.35711315009103e-05	8.01787575746642
NAMPT	0.594834641875002	4.68133930664063	6.68781959121694	1.37387608489449e-07	0.000118167082061775	7.47515618824193
SEPP1	2.41502802328125	4.76497884267578	6.62280349959975	1.65672246798859e-07	0.000120411113604626	7.29958391099205
LAMA5	-0.566739885260417	5.81954967822266	-6.61797093109382	1.67995972939834e-07	0.000120411113604626	7.28651789360281
SELENBP1	0.811940366197915	6.00406012158203	6.46037062122953	2.64856079526874e-07	0.000155522962682621	6.85925039233666
SH3BP5	0.968052056249996	6.1956571390625	6.45711878490255	2.6736098492126e-07	0.000155522962682621	6.85041155534857
DCLK1	1.41468720354166	4.36540521210937	6.42922641605257	2.89852476127108e-07	0.000155813821698079	6.77456076015059
MMP11	-0.663710153750003	5.3198956140625	-6.28600439721213	4.39210583733384e-07	0.000198823696352149	6.38409802633887
RBP1	1.52294699322917	5.04044852050781	6.26524027005941	4.66541173807193e-07	0.000200636031795783	6.32735940364303
ITGA3	-0.593377531770837	6.45534892753906	-6.11998486661325	7.12213465535301e-07	0.000291702286527101	5.92960546267389
ITGA4	-1.2534797928125	3.76314123886719	-6.07781572726362	8.05458651675437e-07	0.000311272590863967	5.81387718550162
BMP1	-0.719574869739585	6.01919194287109	-6.06655418850659	8.32376420168729e-07	0.000311272590863967	5.78295310979945
ITGB5	-0.55845667494792	6.97567756044922	-6.05068317796664	8.71855692327552e-07	0.000312451283737886	5.73935887979954
PFKP	-0.557182273333333	6.818642453125	-5.84186312874656	1.60584153041331e-06	0.000509408506456427	5.16454349674178
BDKRB2	0.930809447604168	5.03155702636719	5.80766748494235	1.77505961036013e-06	0.000509408506456427	5.07022376859148
BNIP3	-0.578798671875002	6.69662348476562	-5.80715279423398	1.77773885319353e-06	0.000509408506456427	5.06880377982822
DMD	-1.17279946494792	6.14012152607422	-5.79614423997586	1.8360264736832e-06	0.000509408506456427	5.03842969805717
GNLY	-0.610436100625001	3.74555415507812	-5.77185563513764	1.97150531466991e-06	0.000520764750506407	4.97139839932278
CSPG4	-1.05894660901042	5.21912838681641	-5.76729334857883	1.99805101345325e-06	0.000520764750506407	4.95880512822031
ABCA8	1.29616277572917	4.20666598691406	5.74775079057023	2.11587936035302e-06	0.00053525524642342	4.9048537723535
LAMA4	1.17091842473958	5.64930667509766	5.72439260800388	2.26589697438257e-06	0.000550407261985073	4.84035210566525
MGLL	-0.612368383750002	6.08733903203125	-5.69225708760358	2.48988266581476e-06	0.000570572851539057	4.75158520432633
FGF7	2.19783220291667	4.77406210625	5.68400171785266	2.55092435361913e-06	0.000570572851539057	4.7287768672507
SLC12A2	-0.561557737395835	5.54531974511719	-5.67919162459901	2.58718070108397e-06	0.000570572851539057	4.7154864459251
PDGFA	-0.824890297864584	5.42427436279297	-5.64207017694288	2.88493462422681e-06	0.000601242345807319	4.61289869572895
ID1	1.43538870359375	6.19824976318359	5.59915303656433	3.27225427472878e-06	0.000647814989960804	4.49425412515457
PYGL	0.81094881734375	5.97595110380859	5.59483328169602	3.31401692341302e-06	0.000647814989960804	4.48231003955363
FUT8	0.743599344739583	4.96329135478516	5.56342243527264	3.63418890857903e-06	0.000687625785903964	4.39544910398018
ZHX2	0.748421952499999	5.7677661609375	5.54918771816732	3.78931476862327e-06	0.000693444602658058	4.35608021060779
GEM	-1.13085919927084	5.92087484472656	-5.53413024647518	3.96063107031096e-06	0.000709695579911345	4.31443259814088
LY96	1.405542898125	5.08366613007813	5.52642931203024	4.05122468669557e-06	0.000711113949597318	4.29313132770974
CASP1	0.794691935442708	4.10914484428711	5.49031400575231	4.5045588551665e-06	0.000724385749563303	4.19322500003227
FRY	-0.641300057864586	4.98577235654297	-5.46592354001909	4.83911226355582e-06	0.00074323579605078	4.12574644863019
MYH11	-2.38504643302083	4.41699424160156	-5.44405220283299	5.16020594370412e-06	0.000778647917926301	4.06523402046751
PLEKHA6	0.744107355989582	4.41710181806641	5.35931306362009	6.61871968871055e-06	0.000903612826073007	3.83077328875559
MICAL2	-0.612515701041669	7.09475645507812	-5.35358361089726	6.73105764518754e-06	0.000904591043847782	3.814921229044
FAM179B	0.52806268473958	5.30642140400391	5.33631077312417	7.08139290735577e-06	0.000922834248426772	3.76713245027823
AQP1	-0.761501211666669	4.693773253125	-5.32403482375076	7.34140205218417e-06	0.000942438791803523	3.73316983484042
NINL	0.574493494895832	4.52893210488281	5.31557860335905	7.52603594896409e-06	0.000951932870544708	3.70977560613387
DPYD	0.755824966093748	5.39456002646484	5.30625701452319	7.73494484306304e-06	0.000964177689785293	3.68398810895156
MDFIC	0.817936879062501	5.74088166738281	5.29210667310331	8.06319699847525e-06	0.000990736534055508	3.64484398230342
C1R	1.26093240223958	6.44610826572266	5.27264855702694	8.53741690976893e-06	0.00103422989916792	3.59102093249781
ELN	-0.793090261770835	6.13423098535156	-5.26444348330338	8.74564172948126e-06	0.00104473978493428	3.56832645680679
TEK	-0.744826484635418	5.78204446533203	-5.22598242367376	9.79133362989797e-06	0.0011228701406767	3.46196127139653
SOX4	0.521167619843749	5.36584162021484	5.20707004318189	1.03504106738023e-05	0.0011561543143555	3.40966867059835
SMPDL3A	0.606664072135416	4.74688074716797	5.16240267387898	1.18005633036335e-05	0.00127893130289323	3.28619579113055
PPM1H	0.610178523124999	6.01224683476562	5.15167902838713	1.21778684870571e-05	0.00127893130289323	3.25656025639459
CLU	1.69116859588541	7.29308758388672	5.15081184359797	1.22089005966841e-05	0.00127893130289323	3.25416387047577
PPL	1.06425209895833	5.90995068164063	5.14271940818685	1.25023159561615e-05	0.00127893130289323	3.23180219642318
GJA1	0.509455113020831	6.83388063417969	5.13551892296751	1.27692973430343e-05	0.00127893130289323	3.21190683359337
KCTD12	1.62975830958333	4.80112252421875	5.11945179456021	1.33857098465923e-05	0.00130830102716523	3.16751808775178
CASP4	0.51973486005208	5.74911589091797	5.10116413597434	1.41234823127003e-05	0.00134973412635039	3.11700472456083
HOXB2	1.36506269203125	4.84117546689453	5.07521158357871	1.52405573160456e-05	0.00140916793643323	3.04533949803773
TRIM2	0.637253771718749	5.68684638544922	5.07390565629142	1.52990385268233e-05	0.00140916793643323	3.04173396385084
PGD	0.794235991979164	6.95870507597656	5.07028715536427	1.54622505859144e-05	0.00140916793643323	3.03174398041006
RARRES3	0.828517410312498	5.67273157597656	5.0656051692351	1.56760079664788e-05	0.00140916793643323	3.01881865652727
IFITM1	1.33320004	6.2452483625	5.06296570976317	1.5797808231198e-05	0.00140916793643323	3.01153240426922
STK17B	0.66244913796875	4.73042734404297	5.06093291744869	1.58922555323827e-05	0.00140916793643323	3.00592104642066
ITSN1	0.50805854505208	5.80715477060547	5.05272538900314	1.62793471557277e-05	0.00141432994834762	2.98326648328944
EFHD1	-0.813889865833335	6.14054157734375	-5.01841238252486	1.80019726308984e-05	0.00153301947127086	2.88858514122765
PPAP2B	0.790103172760412	7.14363561318359	5.01203703832746	1.83414789923148e-05	0.00154661824326372	2.87099898315988
PROS1	0.690249152552084	4.91231860419922	4.94804951435025	2.21225671813909e-05	0.00180932518230428	2.69459886019487
C1S	0.99058938505208	6.79034872373047	4.94341288604091	2.24249250242108e-05	0.00180932518230428	2.68182473635736
PDE1A	1.93372705661458	6.28712331923828	4.94213838230574	2.25087541572559e-05	0.00180932518230428	2.67831362281529
CTSK	0.962846906302084	5.55923258466797	4.93601756416167	2.29157076592088e-05	0.00181092581028408	2.66145269165081
DOK5	0.933939090677081	5.98453543115234	4.93551026085968	2.29497632043908e-05	0.00181092581028408	2.66005532237296
TSPAN5	0.535560794374998	6.07622248007813	4.92289547531288	2.38129784124452e-05	0.00186195843023128	2.62531243391051
CDO1	0.823630744322914	4.29589896025391	4.9004228971651	2.54314927355989e-05	0.00195300240195434	2.56344231233436
LRP4	0.794836345833332	3.96678935703125	4.88009036957074	2.69898748316282e-05	0.00198363992929118	2.50748995780221
SLC7A8	0.504707522083332	5.01495833984375	4.8780253651528	2.71533603461432e-05	0.00198363992929118	2.50180876918817
KCNK2	1.17108244473958	4.34922000400391	4.87725978633673	2.72142206320613e-05	0.00198363992929118	2.49970259565607
ALDH1A3	1.41941042671875	5.35927313466797	4.84152410018887	3.02110842886245e-05	0.00211256533306064	2.40143257362664
GAS1	1.07409871973958	5.88170703525391	4.8366516594925	3.06443208869378e-05	0.00212557906410122	2.38804033333514
PBX1	0.594411880781251	5.27193995439453	4.83361178028205	3.09177339695344e-05	0.00212738743897573	2.37968583475386
CYFIP2	-0.893543481302085	4.89972182939453	-4.81352270497627	3.27864999274378e-05	0.00222044634547947	2.32449117107339
GPR125	0.57330120078125	4.38403320205078	4.8059228963019	3.35223403019386e-05	0.00225254413232011	2.30361817816105
PTN	0.919008895156249	5.28157846337891	4.79700001372739	3.44072339816702e-05	0.00225729795131935	2.279116689493
NR1D2	0.765777178802082	5.27045778232422	4.79096525111262	3.5018814153644e-05	0.00225729795131935	2.26254905763318
ANK2	0.558300627499998	4.04151336171875	4.78846095251675	3.52757636781705e-05	0.00225729795131935	2.25567463698462
SMTN	-0.572269311770836	5.98785233925781	-4.77866603358152	3.62988530227249e-05	0.00226236546991635	2.22879164403492
SNED1	1.16576831109375	4.26087711943359	4.76729782584846	3.75232423746327e-05	0.0023218518536994	2.19759981085367
METTL7A	0.921893009166666	5.1329008421875	4.74419913334039	4.01386595416731e-05	0.00244845823204206	2.13425336127073
CAPG	0.69327328953125	5.59473875361328	4.72253273748303	4.27559277851729e-05	0.00253111054222905	2.07487420691172
INHBA	-0.634060646250001	4.5620175515625	-4.72007957102092	4.30627304851495e-05	0.00253111054222905	2.06815349867194
CEMIP	0.798063941197915	7.23007218017578	4.70118981298287	4.54994278752908e-05	0.00260893719436917	2.01642023166501
PADI2	-1.30317240578125	4.92412009091797	-4.68845457579663	4.72188579522473e-05	0.00268959865726675	1.98155984507827
MAPK10	0.665809987291667	4.57930107148437	4.67242550563703	4.94747902826751e-05	0.00278125928902803	1.937703794771
EGR3	0.740113085416664	4.10967488203125	4.63121303164409	5.57770989636171e-05	0.00309508921410368	1.82505460324584
ITGA6	-0.611473053229169	5.14777316542969	-4.61450156003237	5.85535980261403e-05	0.0032113750706215	1.77942255112745
HR	0.703422505625	4.26465086679687	4.60975886039361	5.93661941900731e-05	0.0032113750706215	1.76647728475072
IL1R1	0.704559726874998	5.42525029023438	4.59470256346187	6.20205652335609e-05	0.00329283260230776	1.72539602377726
FGFR2	0.711386389635414	4.18381344951172	4.59149660313905	6.26007540150173e-05	0.0033032459219826	1.71665153102376
SERPINF1	0.512653256510416	5.61455441162109	4.58903492402033	6.30498910293443e-05	0.00330665922404506	1.70993784295449
HNRNPA1	0.545803932760418	5.99820468115234	4.58637858517668	6.35381210477809e-05	0.00331206896443614	1.70269397062922
MEST	0.635589696614582	6.73788324033203	4.58325661837229	6.41167160368006e-05	0.00331318867315085	1.69418126680521
RGS7	-0.702364853541667	5.18013562929687	-4.49745196162832	8.22279533330646e-05	0.00398105379497793	1.46063319890505
CXCL1	1.40699240083333	4.39844593984375	4.48987563069979	8.40513893559314e-05	0.00398105379497793	1.44005189240968
CDKN1C	0.872279138489584	5.08145160009766	4.47710751105081	8.72151589121901e-05	0.00409911246887294	1.40538250425569
GPR116	-2.36402813375	5.1480583296875	-4.45212351660351	9.37498802048073e-05	0.00427422489122902	1.33760084853234
ADAMTSL3	0.749040114687499	4.57681187089844	4.44909988882708	9.45728130973863e-05	0.00428116192342431	1.32940300109223
SLIT2	0.553243282864583	5.09689143017578	4.4460025211507	9.542320893087e-05	0.00429704198960426	1.32100641981664
BCL11A	-0.69657367109375	4.12799757509766	-4.44194499526581	9.65486495512371e-05	0.00432507778536558	1.31000880504152
SYT1	-0.8508041115625	4.68615605683594	-4.41527240548254	0.000104279933960751	0.0046215316611362	1.2377673917744
MTUS1	1.07023733098958	4.01881901572266	4.40997419684618	0.000105886848645024	0.00464659584283599	1.22342848877725
SERPINE1	-0.54060637338542	7.50122671220703	-4.40227601033839	0.000108265279508027	0.00472685111192154	1.20260098960436
HEPH	0.775365316614581	4.65290944970703	4.39166766590397	0.00011162937743832	0.00483320665497694	1.17391302699983
FOXF2	1.24062399583333	5.47482987734375	4.38606560175714	0.000113447271444689	0.00487879990847885	1.15876959554698
LMO4	0.573033636848956	6.07991300415039	4.38312838323886	0.000114412044569762	0.00489452918973741	1.15083144964063
MDK	0.577755448645828	5.36417720800781	4.37420541717508	0.000117392811472371	0.00494948809546013	1.12672343831236
FBLN2	1.11992465536458	6.44837362783203	4.36754125272808	0.000119668827620279	0.00499640618381049	1.10872541667299
CFB	0.926082304947914	5.32806362783203	4.35018746196575	0.000125801769202098	0.00516433421704402	1.06188690857908
TMEM158	0.693732990364585	5.36400537548828	4.34306003093322	0.000128409450719937	0.00516433421704402	1.04266207706018
OSR2	1.13181973333333	5.273883546875	4.33918652473895	0.000129848894284546	0.00517000652849694	1.03221711520881
ASS1	1.17476947026041	6.79765139599609	4.33767892511944	0.00013041342456552	0.00517000652849694	1.02815243648551
RUNX1T1	0.663497487604166	4.68386286230469	4.33665651240865	0.00013079764865658	0.00517000652849694	1.02539606955325
AUTS2	1.49664586447917	4.26944709707031	4.33601733982809	0.000131038416836685	0.00517000652849694	1.02367297311512
WNT5A	1.35920985473958	5.87926912431641	4.32511506381415	0.000135213038986575	0.00523780654370311	0.994291498693888
INA	-0.737894124010416	5.24772108759766	-4.32478690166509	0.00013534070638208	0.00523780654370311	0.993407375350407
ANGPTL2	0.543908928333332	6.12372501484375	4.32213653012072	0.000136376161039327	0.00523780654370311	0.986267413106643
FBLN5	0.634636279479164	6.25743585957031	4.32169753645177	0.000136548419843333	0.00523780654370311	0.985084886732953
THBD	-0.943565497812501	5.17848265761719	-4.31895691451007	0.000137628680255424	0.00523780654370311	0.977703057809056
FAM110B	0.691047606250001	4.94087817890625	4.30498027481509	0.000143270053137929	0.00542848337902787	0.940074474731502
SIK1	-1.19435996869792	5.48362724482422	-4.27603699026965	0.000155685955127396	0.00574701673841516	0.862245619349269
AIM1	1.0783526765625	4.01847651972656	4.25930959794754	0.000163338160354343	0.00594907939952106	0.817324348688815
LITAF	0.53108303348958	6.60281121337891	4.25602161363363	0.000164885234248527	0.00594907939952106	0.808499661072002
MFAP5	0.982460330104167	6.77873551542969	4.24528147102019	0.000170039826833764	0.00609380229415501	0.779685937180091
WWP2	-0.513072374843751	5.34364533369141	-4.23366536015453	0.000175793249871577	0.00624792455431999	0.748542972247567
CCNG1	0.574333131562499	6.11251258222656	4.2176717310975	0.00018402908971927	0.00651372099043391	0.705699699683604
KDM5D	-1.0929202740625	4.28877974121094	-4.21611964987886	0.000184848228791757	0.00651590006490942	0.701544265453501
GCH1	0.71420742286458	4.74467140439453	4.20861279324224	0.000188860958450574	0.00659984720629533	0.681451564271579
TNFAIP6	0.877486309739582	5.27095962275391	4.20652169585544	0.000189993898784575	0.00659984720629533	0.6758562446129
CSRP2	-0.714523186927084	5.90780390791016	-4.20094310748668	0.000193049106213475	0.00666496686325955	0.660932739328037
OMD	0.972752710312499	3.86986653769531	4.18673460443144	0.000201050326806857	0.00678130925829716	0.622946697409212
STAC	-0.717862738802084	4.84186860751953	-4.16494350763028	0.000213958310286781	0.00707790548760233	0.56475588178274
SLC2A1	-0.511492994531252	5.34818144404297	-4.14169093294313	0.000228629414054129	0.00731019178542587	0.502753764006437
SERPING1	0.63778959536458	6.42910043955078	4.13165788669239	0.000235260500744946	0.00737553161519449	0.476030725221199
COL4A4	0.990003839739582	4.04660099228516	4.13136447125388	0.000235457239164692	0.00737553161519449	0.475249485177269
CPVL	0.905864433281248	3.56438521767578	4.12955276737815	0.000236675587233308	0.00737553161519449	0.470426035719747
CRIP2	-0.545919831093751	6.81085348212891	-4.12150384294887	0.000242163574675065	0.00749226225100803	0.44900391015569
C5	0.630460122760415	4.58548722255859	4.11567894491136	0.000246212810515114	0.00753854046514032	0.433508369875241
GJA4	-0.841681240468753	3.96923134423828	-4.09816920071387	0.000258788823566836	0.00786516845052424	0.386966125956712
CXCL6	1.50705046302083	4.30145824746094	4.06465270374567	0.000284641815731175	0.00831075944446332	0.298037149361541
GAL	-0.669879498072919	3.87448031943359	-4.0599670998947	0.000288451986803476	0.00831075944446332	0.285621985696704
DOCK2	-0.509701439739586	4.56369324755859	-4.05940763237199	0.000288910251586389	0.00831075944446332	0.284139882009955
EFNB2	1.139932616875	4.55986125585938	4.05722455566529	0.00029070525873599	0.00833451976796083	0.278357202781175
EYA2	0.715384997239582	4.40783256884766	4.05227565376315	0.000294814972887871	0.00842145346510879	0.265251652297358
MAP3K8	0.607916879687499	3.96313155136719	4.04603905069625	0.000300075131238635	0.00846875472753103	0.248742856208126
PLXND1	-0.575573017239584	6.61696180537109	-4.04539944195308	0.000300619766080518	0.00846875472753103	0.247050190785317
CCND2	-1.09097261864584	5.31002553339844	-4.0440961958238	0.000301732493380475	0.00846875472753103	0.243601519133354
ARNT2	0.589822046171872	5.92330974487305	4.02783300499721	0.000315961934436849	0.00865474075825266	0.200593824624864
LDB2	0.57002819453125	4.99135401142578	4.01608509654084	0.000326647243551919	0.00887827912888749	0.169559530447084
ALDH5A1	0.507611940468749	5.18694351044922	4.0088395459585	0.000333412877413168	0.00887827912888749	0.150432935139022
PRPS1	0.792392609583334	6.79049629296875	3.99963373331166	0.000342206939048846	0.00902280029669265	0.126147106387524
SFRP1	1.27900250255208	3.97024526982422	3.99374064775751	0.000347955121551713	0.00907083547454757	0.110609690483795
PRKAB2	-0.534573874687504	4.44389295878906	-3.99058228851503	0.000351074576748282	0.00912263575411473	0.10228546346751
PTGIR	-0.724531126354168	5.08114792832031	-3.97991903103371	0.000361809841075989	0.00937327241895957	0.0741964741187937
CX3CL1	0.588902429791665	5.64889404804688	3.97156964464922	0.000370439016814398	0.00953935923239713	0.0522192179126959
MMP2	0.51525973895833	4.73143739492188	3.96914201377728	0.000372985526691149	0.00957149257454116	0.0458319563141574
CRIP1	-1.46371090802084	5.27363418691406	-3.96419480483485	0.000378228068788893	0.00962467343092683	0.0328193655117781
EPB41L3	1.250940038125	4.50727420585937	3.95936329021491	0.000383417487112174	0.00970926421759775	0.0201160905785391
COL8A1	-0.649209812916665	6.63080459140625	-3.95345160604087	0.000389861797664091	0.00983343496102302	0.00457953832445934
EREG	-1.32919599026042	2.94377567744141	-3.95187662397294	0.000391596458028686	0.00984830741375652	0.000441573375167259
PDE3A	-1.016742608125	3.47601867539063	-3.93341939280144	0.000412495410341514	0.0102074119128742	-0.0480114577980082
MLN	-0.538690561406251	4.56553541474609	-3.93298850510968	0.000412996087161985	0.0102074119128742	-0.0491417213616412
SVIL	0.654144534895832	6.11055236269531	3.91253295159986	0.000437459813033272	0.0105988502870399	-0.102751934599815
EFEMP1	0.614397140468749	6.72440706357422	3.89688743539418	0.000457120167867845	0.0109517843003658	-0.143693325323349
SLC39A8	1.20455622635417	4.76795680058594	3.89150030020535	0.000464087203458586	0.0110571025954219	-0.157777737515492
QPCT	-0.510394790156251	5.40916964755859	-3.87778484219525	0.000482295907565516	0.0114276228676887	-0.193606461378874
PRKAR2B	0.541685798906248	3.86689399541016	3.87188784857503	0.000490337268328084	0.0114422563900603	-0.208997901031851
TGFBR3	0.968061873541665	5.33489753632812	3.86731801262894	0.000496658631851283	0.011514180303377	-0.220919895168405
PCDHB17	-0.511336130104168	4.06031482988281	-3.85363671923642	0.000516062366405396	0.0118364064358742	-0.256583360322733
STAT4	-0.881547852187502	5.18125051425781	-3.85222510925145	0.000518105960041125	0.0118516738359407	-0.260260568548037
RHOB	-0.513551107343753	6.23865759619141	-3.84360271582404	0.000530760917791906	0.0120450518573303	-0.282711542720158
VWA5A	1.12187019583333	4.7632268734375	3.83413588803471	0.000545002135308503	0.0123033159207045	-0.30734106713903
PTGER1	-0.590083965833336	5.340836596875	-3.79770472346772	0.000603360251072789	0.0132723824027546	-0.401922616807045
MSLN	-0.514260273802086	4.36549716689453	-3.76967686035307	0.000652353720369139	0.0141027305610477	-0.474466954881558
OPCML	-0.763600256614585	3.89076681435547	-3.76954926697766	0.00065258536952645	0.0141027305610477	-0.474796757043355
ZFP36L2	0.607691761718749	6.15176427998047	3.75287306425173	0.000683559835483255	0.0146616926997558	-0.517865955393908
MAF	0.533058913177081	5.62641258193359	3.74666618569834	0.000695449633325446	0.0147882946092678	-0.533878298945439
GSAP	1.05169841515625	3.96668713603516	3.73664260570602	0.000715076190782388	0.01498513402869	-0.559716065475279
CYP7B1	0.575516576770832	2.93682003183594	3.73569587780083	0.000716957493080336	0.01498513402869	-0.56215511023747
SYNJ1	0.778889200833332	5.23941585859375	3.73420089650957	0.000719938059487506	0.0149931894664698	-0.566006143676653
CNR1	1.47084692359375	4.06530238037109	3.73129256065481	0.00072577097627352	0.015005663862809	-0.573496289058243
OSGIN2	0.53147988265625	4.94635508291016	3.70917504722314	0.000771656402137232	0.0155433646716214	-0.630385902807664
ALDH1B1	0.970711598125	4.78052643710937	3.69045372393452	0.00081268624233546	0.0160319136934112	-0.678439432849945
ZNF165	0.830743014010416	2.88162037333984	3.68331143301823	0.00082889072875263	0.0161951623839206	-0.696747519016016
PDE1C	0.554727480885416	4.82835162763672	3.67036008581908	0.000859077850387478	0.0166563428987154	-0.72991114162222
TBC1D8	0.69614834875	4.33600421796875	3.65769040100004	0.000889638592638675	0.0169687016820553	-0.762309470287718
BMP4	0.759474239999996	5.76362175546875	3.6316198060196	0.000955873907627423	0.0179900907647778	-0.82883704456887
NIPAL3	-0.582116724427086	5.37384846572266	-3.62975237998994	0.00096079744083567	0.0180432724642524	-0.833595134984522
TKT	0.571462295729165	6.89133070957031	3.62889864016627	0.000963056528143005	0.0180462945502353	-0.835770087929236
PTPRZ1	-1.02446514807292	2.93438053740234	-3.60789489621931	0.00102028271564821	0.0187109843012586	-0.889213694368566
CLIC2	0.765037366510415	3.48208181943359	3.60475732085698	0.00102910899385828	0.0188326945876064	-0.897186452686287
FMOD	0.648513730312501	5.90306608691406	3.59540900935059	0.00105584687749806	0.0192401249859339	-0.920924356620756
HIST1H4L	-0.513776110052084	3.02453284033203	-3.59238475458816	0.00106463979494983	0.0193593380049967	-0.928598390263556
WASL	0.57890987515625	4.01107819384766	3.58814505780029	0.00107708592205757	0.0194622185202041	-0.939352163586724
ZG16	-0.529474498072918	3.86829606162109	-3.58352233600529	0.00109081683801056	0.0195868802165529	-0.951071537059416
ACP5	-0.603079782656252	4.11340837724609	-3.5744547475296	0.00111824374014128	0.0198808210335497	-0.974041363323102
ADRB2	-0.50787146078125	4.35441334013672	-3.57193074059861	0.00112599602398377	0.0199273493874164	-0.98043085895923
SLC16A2	0.663124617135417	4.94315913857422	3.55764794272455	0.0011708529104652	0.0204269896205095	-1.01655237543303
IGF1R	-0.606191099166668	4.90503065546875	-3.55495457942802	0.00117950312880483	0.0205362477952437	-1.023357209103
CRLF1	0.84862306453125	5.25099438642578	3.54003378496257	0.00122855382223462	0.0211759347195189	-1.06101581793046
PLAT	-0.575948018697919	6.13456760810547	-3.53921776610437	0.00123129247304247	0.0211806931212765	-1.06307345148353
PNMA2	0.730491347291665	6.27205314570312	3.53334452281922	0.00125117839127135	0.0214370225962647	-1.07787723978924
NPR3	0.729805329687498	5.12032008183594	3.52677703800939	0.00127378217902417	0.0217376994479898	-1.09441859347894
TLR1	0.685619576249999	4.11279530703125	3.49776820363448	0.00137842713458541	0.0227703550431592	-1.16732541085487
BAMBI	0.58146217515625	5.73616317978516	3.48516477215505	0.00142643296812891	0.0232803604532765	-1.19892043430215
SBSPON	1.11677945552083	5.77793683730469	3.47573018288148	0.00146341959252926	0.0236471446941525	-1.22253922703338
MYOZ2	-1.15384561421875	3.96281696376953	-3.4752308588464	0.00146540264178389	0.0236471446941525	-1.22378847073703
LIMCH1	1.06630940552083	4.60868210527344	3.46891537941057	0.00149070895155904	0.0239655844716996	-1.23958221078861
PHLPP1	0.574093245937499	4.99546626308594	3.45803164033073	0.00153531164704172	0.0244541027337146	-1.26677069076734
KIAA1462	0.863727575781247	5.38991140986328	3.457216013748	0.00153870545530087	0.0244628569705041	-1.26880668032288
PTGES	1.090860975625	6.23254576289063	3.44896187534256	0.00157345981053622	0.0248774408647464	-1.28939896146925
CTH	0.775580954010417	4.28088703193359	3.43685617634192	0.00162580167267073	0.0254150688324099	-1.31956058732054
ACAN	-1.17203489734375	4.62276684931641	-3.42674645373866	0.00167079387161784	0.0257535808060664	-1.34471297596069
RHOBTB3	0.83908302828125	5.47637235048828	3.41174242512387	0.00173978249237597	0.0262985399242983	-1.38198081586308
BIRC3	0.509253341770832	4.24738419121094	3.40742773356563	0.00176012335982263	0.0264669972467339	-1.39268423535867
SLIT3	-1.1692606115625	3.68020457792969	-3.39689654633028	0.00181073542040601	0.0269915690657055	-1.41878308208383
SPINK1	-0.621134307552083	4.37419390673828	-3.38818308676835	0.00185366629804843	0.0273342503671484	-1.44034935433228
OLFM4	0.507074185520833	2.74637390136719	3.38636396217206	0.00186275164446685	0.0273872254599306	-1.44484859159347
LPHN3	-1.16982378088542	4.38302356611328	-3.38340613557853	0.00187761546760708	0.0275117046625017	-1.45216181698965
CHST15	0.866355315572916	5.74368893994141	3.37796857468417	0.00190523834540233	0.0278689711034106	-1.46559853796679
LCN2	-0.633465256510417	3.45637619931641	-3.37482323774376	0.00192139444414074	0.0280575782921128	-1.47336642546319
PDK1	-0.654595795781252	4.62767430185547	-3.36780868882355	0.00195790005990037	0.0283023502776522	-1.49067790818716
CD14	0.86772547046875	5.45410178232422	3.36520694292005	0.00197160881770774	0.0284050375897894	-1.4970946307371
PRKG1	-0.903075784218752	4.08849433564453	-3.35290953412604	0.00203766119661638	0.0292098732534958	-1.52739277871085
DUSP5	0.61390282255208	5.66725814091797	3.34478686474762	0.00208244899188943	0.0297033893519751	-1.54737695130395
IGSF3	1.31811958216146	4.06778077973633	3.34134981035158	0.00210168366347492	0.0298332789585003	-1.55582630221126
ALDH3A2	0.540471029062497	5.69030083144531	3.34006841259667	0.00210889822192399	0.0298332789585003	-1.55897533626978
SP4	0.511106174427084	3.10761446396484	3.33529108241279	0.0021360055874866	0.0301006092617178	-1.5707106277142
UNC13A	-0.854931750625001	3.56974154960937	-3.33281789568235	0.00215016980731098	0.0302183178311793	-1.57678279710571
KIAA0895	0.652935270520833	3.78748323652344	3.3321703296962	0.0021538933424813	0.0302212669472784	-1.57837235149984
PLA2G16	0.642530289687501	5.74391695371094	3.32817314251446	0.00217701458431254	0.0302818815602014	-1.58818086719869
HTR2B	0.953912386770831	4.60042546152344	3.32716928165632	0.00218285857078535	0.0302818815602014	-1.59064332380207
CO9	1.44334929276042	4.60398815380859	3.32436125713983	0.00219928549067907	0.0303141899123889	-1.59752950641496
LMO3	1.05614454197916	4.38521272285156	3.30601097350346	0.00230958772564052	0.0312339057047707	-1.64246244709977
DPP6	-0.502002049947919	3.89028251826172	-3.29153570419396	0.00240031667887636	0.0322076813650789	-1.67782320712734
EMP1	0.842518502604164	5.88800729589844	3.27980862408743	0.00247631257292953	0.0327169960672303	-1.70641590298102
CD40LG	0.5088204253125	3.36796857128906	3.26677548120593	0.00256347268920015	0.0334067099997129	-1.73813509212248
MFAP4	0.654628169322916	6.34003139619141	3.26582573105206	0.00256993763690054	0.0334402929122263	-1.74044413344549
EFS	0.672714051510415	4.98388044990234	3.24975414583738	0.00268172971241356	0.0341310502011693	-1.7794678227678
PLSCR1	0.524087993229167	5.42981116894531	3.24645078509403	0.00270527642384775	0.0342914027988845	-1.78747709088709
CA12	0.547821618177083	5.78673196162109	3.23896596018653	0.0027593622162526	0.0347795335944722	-1.80560984150488
ADCY8	-0.515495131197918	3.01535123857422	-3.22482361125773	0.00286438804292432	0.0357052196481045	-1.83981468859584
FMO3	0.544515731145832	4.20432039941406	3.21538277051083	0.00293661176913434	0.0363421551457906	-1.86260706072229
PSPH	0.688826193958334	5.33719771679687	3.21146774890345	0.00296706925533954	0.0366137197491756	-1.87204905908919
CXCL2	0.804574810156249	3.48457156572266	3.20633201643685	0.00300748075599283	0.0368480655018438	-1.88442637148352
DAPK1	0.843912446458333	5.27737944648437	3.20541142090594	0.00301477992330741	0.0368849532295406	-1.8866439941128
L1CAM	-0.543778308489584	4.17667388662109	-3.20356752219022	0.0030294505843006	0.0369959344500341	-1.89108480213767
ATP6V0A1	-0.57735432744792	5.52445357373047	-3.20265263306664	0.00303675499613115	0.0369959344500341	-1.89328772686349
SHOX	0.999072730885416	4.31702347919922	3.20089507926429	0.00305083434880065	0.0371148885912792	-1.89751878414606
RNF13	0.517677664322916	6.24447875400391	3.19690150706765	0.00308305775472728	0.0374010997861909	-1.90712839550204
HIVEP1	-0.510628217812501	5.29006646699219	-3.18642552896564	0.00316913614031063	0.038229649288656	-1.93230769681897
VWF	-0.511145714479168	3.76597611152344	-3.18288973443674	0.00319870248830321	0.0383176045987409	-1.94079665178216
TTF1	0.773354073125	4.03734560273437	3.17915640446283	0.00323020590395542	0.0384806107755132	-1.94975468048207
CALML3	-0.576321456067708	3.40430087485352	-3.17452981583064	0.00326965737967035	0.0387986483438475	-1.9608486568406
PLCE1	0.741101747864582	5.00175408876953	3.174439040914	0.0032704360015451	0.0387986483438475	-1.961066241538
ADA	-0.662808984583336	5.57087933984375	-3.16906046394045	0.00331688739472638	0.039132723877061	-1.97395287331325
DIP2C	0.58999234630208	5.38252535419922	3.16437176641593	0.00335789284746086	0.0392030129303335	-1.98517752088078
PCDH1	-0.564309290312503	5.47609156074219	-3.16228553028115	0.00337629302396089	0.0392425625663346	-1.99016919967072
NFIA	0.564242056614582	4.65128280830078	3.16080253829546	0.00338943105384856	0.0393421005319183	-1.99371648949432
CAPN9	-0.581094826093754	3.68320218447266	-3.15820257138478	0.00341258208909589	0.0395549267723361	-1.99993350754571
GPRC5B	1.02544417317708	4.68468994833984	3.15441442343304	0.0034465827671998	0.0396621062320219	-2.0089870004342
NREP	-0.902619906770836	6.58235112285156	-3.15027753316282	0.00348408191427845	0.0398379622868079	-2.01886759855705
MOXD1	0.823407613854165	5.04577076699219	3.14985006719144	0.00348797877254748	0.0398379622868079	-2.01988818350507
FOS	0.619787010260416	5.03815935146484	3.14880524203707	0.00349752105965484	0.039843945210717	-2.02238242800689
RGS3	0.667233595833331	5.1288883328125	3.14010352404979	0.00357796376648981	0.040227537719711	-2.04313891798657
SLC8A2	-0.552186250520835	4.07742829316406	-3.13248794619156	0.00364980725635894	0.0407688210544718	-2.06128024221593
USP9Y	-1.02452574083334	3.52727703984375	-3.11626826081898	0.00380741860953919	0.0418767358831798	-2.09984140538051
FMO2	0.568831689322917	3.15157906728516	3.11427374633483	0.00382724068619151	0.0420409925184331	-2.10457601622618
MSTN	0.843923989479166	2.72772463378906	3.109995676793	0.00387008867315911	0.0422474185574758	-2.11472601891284
TNFSF4	-0.977840099687501	5.05934840800781	-3.10895231260137	0.00388060765163552	0.0423030499514793	-2.11720036118868
MYRF	-0.503674740572917	4.69811955771484	-3.10302635044796	0.00394086909089553	0.0427930967503295	-2.1312455414055
SOX21	-0.561244223802083	3.86953663642578	-3.1029991480312	0.00394114775239448	0.0427930967503295	-2.1313099816735
NMU	-0.812390279166668	3.46993665859375	-3.10089343561093	0.00396277555452552	0.0428434415765513	-2.13629733840629
GPNMB	1.49634523302083	6.44458160683594	3.0925757573422	0.00404931351817889	0.0434266154237614	-2.15598023372132
PDLIM3	-1.15414568539063	4.86984130600586	-3.08844431774694	0.00409296146917019	0.0436768754296933	-2.16574647019644
SH3BGR	0.587020959479165	5.40868791738281	3.08571688787268	0.00412202062902552	0.0439324652171605	-2.17219000865128
SMAD6	0.883597781510415	5.06585867412109	3.07540185353846	0.00423370152270312	0.0446288138851051	-2.196531911705
CLEC2B	0.800426892499999	3.95132990625	3.07536956372027	0.00423405559007624	0.0446288138851051	-2.19660804273332
PLXDC2	0.549494498229165	3.13359493613281	3.07374174077491	0.00425194159543917	0.0447077624234381	-2.20044547629644
G0S2	0.718301979218749	3.78824050029297	3.05129885126399	0.00450595784834949	0.0465814224202571	-2.25324164818761
GCNT1	0.733783858958332	4.13591439335937	3.04828200140414	0.00454118053936786	0.0467276113622069	-2.26032285868469
CYP7A1	0.603471472083331	2.65824420546875	3.03674622902191	0.00467828476843125	0.0477375270982204	-2.2873649989375
THBS2	0.517826077968746	6.93169717919922	3.03598544227874	0.00468746326495141	0.0477688051443685	-2.28914648580398
KRT14	-1.2091756625	5.67544769296875	-3.03471623198934	0.00470281358974397	0.047811938162397	-2.29211797836588
NRXN2	-0.524072623750003	4.4798197859375	-3.0240998464742	0.00483308926849632	0.0488481427208715	-2.31694679151263
LPPR4	-1.42059589114584	4.99591847246094	-3.02144892772397	0.004866148098616	0.0490665179322347	-2.32313917970292
ATP1A2	0.76243671627604	4.01511753608398	3.01312147422043	0.00497139457036191	0.0498937744453708	-2.34257234083818
DHRS3	0.508052452447915	5.54226440595703	3.01232959346008	0.00498151409481241	0.0499110782102793	-2.34441876833553
ACKR3	1.17860410661458	4.11532336533203	2.99521300178305	0.00520506870521719	0.0512815531885143	-2.38426440141384
COL11A1	0.866602985156245	6.79109536337891	2.9880079524974	0.00530197925053278	0.0519980884080188	-2.40099960050316
CNN1	-0.536046976822917	6.01995439599609	-2.98539381189363	0.00533755994671994	0.0522874181113191	-2.40706596907721
SVEP1	0.800230323958332	5.22066270976562	2.98463204821046	0.00534797056789417	0.0523199556372326	-2.4088331632399
TRIB1	-0.528985500156252	4.99581282412109	-2.98120910401973	0.00539498729479056	0.0526091186821693	-2.41677087182026
RLN2	-0.596319859166667	2.8230626484375	-2.98040548784516	0.00540608201464916	0.0526091186821693	-2.41863370262958
HMOX1	0.691730673958333	4.09409199882812	2.97848409583395	0.00543269614714243	0.0527388482636253	-2.42308647580636
NMNAT2	-0.765699469947917	3.88065908466797	-2.97710594557608	0.00545186171762348	0.0528652340848698	-2.42627931940868
RGN	0.919565885781249	4.15679921533203	2.95415550980507	0.0057805607157665	0.055181579041407	-2.47932881904637
PCDH9	-0.522630761875002	4.32664578398438	-2.94692299618162	0.00588796079621816	0.0558938958896743	-2.49599898323357
STXBP2	-0.605706108802083	4.31425408720703	-2.9449209715986	0.00591802091670834	0.0559165840432026	-2.50060937338894
SLAMF1	-0.556844130468752	3.48624106220703	-2.94346016625541	0.00594004593424017	0.0559587459807226	-2.50397229597454
PKP4	0.55215082375	5.2475719453125	2.93556543732419	0.00606042040003396	0.0567199954958565	-2.52213047499668
GAS7	0.71849006203125	3.53410134814453	2.92163867490079	0.00627838981406883	0.0582766112177925	-2.55409523736222
NFASC	0.778304761562499	5.14453449785156	2.90099871226313	0.00661504258412725	0.0602073875831518	-2.6013088418834
RGS16	-0.617866992135419	5.00740385751953	-2.89312721681042	0.0067478489603483	0.0609480985997138	-2.61926425295889
KAL1	0.661429238958333	4.57454421054687	2.87825781155334	0.00700558921029801	0.062570169052724	-2.65310563820662
FGL2	0.508681969635416	3.65434156748047	2.86538398286423	0.00723618038959292	0.0640312628918608	-2.68232369635183
TPST2	-0.566952380937503	6.06296143457031	-2.85996370281105	0.00733538213373382	0.0644012064528403	-2.69460261466807
ATP7B	-0.60309372010417	4.55262365410156	-2.85675214676523	0.00739476056038158	0.0645685944361123	-2.70187156874882
OLFML1	0.725076076562496	5.36025520253906	2.8549515252337	0.00742824924775815	0.0647318863018925	-2.70594496339792
WWC1	0.704553270416667	4.0795074640625	2.85289186452838	0.00746673009560982	0.0647557524800128	-2.71060252028824
LUM	0.514321922604163	7.11146035917969	2.85021738914195	0.00751697668232711	0.0648480606265752	-2.71664743732106
PLCB4	-0.533688709114584	3.40933491904297	-2.84897219330911	0.00754047879035222	0.0649205786544739	-2.71946072821786
NTF3	-0.702793603255209	4.0090914574707	-2.84170544044992	0.00767901339388149	0.06538764471172	-2.73586424070692
DDX3Y	-1.47237026692708	4.26967124384766	-2.84134450540292	0.00768595614504696	0.06538764471172	-2.73667835184021
PITX2	0.544789305468749	5.34504657607422	2.83510197946272	0.00780696887726639	0.0660902945997719	-2.75074912967322
ZNF365	0.651434706718748	5.13043496044922	2.82891339330871	0.00792869664815332	0.0666615052500164	-2.76468032693249
PDPN	0.512122910937499	4.74818825292969	2.82703042774219	0.00796608544529953	0.0668451716244109	-2.76891552717135
SLC1A1	-0.508927573854168	5.10261736269531	-2.82504580454487	0.00800567152122824	0.06704652459015	-2.77337757380904
IGF2BP3	-0.74616279421875	4.50886938486328	-2.81311035078731	0.00824765304106785	0.068183673348225	-2.80017300978377
TDRD3	0.578284575833331	4.45326424375	2.81264251687275	0.00825727602499594	0.068183673348225	-2.8012219392758
GABBR2	-0.621955493645835	3.29534329667969	-2.8091655350273	0.00832912482191752	0.068553878079725	-2.80901442327737
SALL1	0.659376649635416	3.16909166669922	2.80373658528393	0.00844248015333697	0.0689383997689003	-2.82117010998366
MMP1	-1.81461085	4.7614272578125	-2.77456525704733	0.00907667876100008	0.0726218735101039	-2.88624494865747
MAFK	-0.535888037552085	4.40671272080078	-2.7523074234336	0.00959020755775157	0.0754100389521139	-2.93562096493131
VEGFC	-0.750149637187501	4.75314042128906	-2.74852233074212	0.00968018784089546	0.0759432798554039	-2.94399365646065
SETBP1	0.560210742864583	4.19697705908203	2.74503599337495	0.00976376190607806	0.0762744015932583	-2.95169928447031
VCAM1	1.31986397796875	5.31974333857422	2.74274096266444	0.00981914474236052	0.0764078947619311	-2.95676858723529
NTRK2	0.568372786874999	4.47278296210937	2.74071413854286	0.0098682986694738	0.0765349295366494	-2.96124331790423
TNNC2	0.542603378072916	4.01553955634766	2.73562838720901	0.00999264824139481	0.0771633054867948	-2.97246250511448
CHST2	0.513089672968747	4.57655369482422	2.72739358027059	0.0101970938737908	0.0780990244064783	-2.99060144605323
EPHX1	0.7586293446875	5.78577276308594	2.71703598250117	0.0104597733173021	0.0793592121229733	-3.01336856421865
MAN1C1	0.539102000208331	4.90890216054687	2.70940711097065	0.0106572621131208	0.0801669863756029	-3.03010348463608
CCNE2	0.615286696510416	3.95029719912109	2.70123708425938	0.0108726024888899	0.0810357487061891	-3.04799321762427
NOV	-0.752223822500002	4.88774403671875	-2.68739445818685	0.0112467141193221	0.0829167589713953	-3.07822752455943
BCHE	-0.639984533697918	3.52942410419922	-2.66807127392904	0.0117889659471243	0.0855670009377349	-3.1202699306352
GH1	-0.530435502343752	4.68354050947266	-2.66299527386196	0.011935380289601	0.0859767218348897	-3.1312824776208
ANGPT2	0.602369726458333	3.64491452304688	2.66079454491221	0.0119993816914781	0.0863654242078689	-3.13605293177277
PTGDS	0.878417452552083	6.64516158310547	2.65784311339096	0.0120857146328431	0.0868364459847787	-3.14244676265877
ABHD3	0.558761874166666	2.4753957890625	2.65270103530946	0.0122375036461053	0.0874209043688968	-3.15357560987133
AHNAK2	0.692982072187502	6.41093396933594	2.64904092508262	0.0123466208383116	0.0879811813010094	-3.16148878719295
CDH13	-0.59428764546875	6.13432365205078	-2.63825644944387	0.0126733968859707	0.0897151330174769	-3.18476465959957
CRHBP	-1.02659213604167	3.20093668945312	-2.61573244459963	0.0133818699068679	0.0925965109163082	-3.23318276961923
C14orf132	0.54412807473958	6.01657579228516	2.61153933946097	0.0135177376326501	0.0932366169834995	-3.24216707779419
IMPA2	0.896107843645832	5.04958368222656	2.60135739220543	0.0138529838532154	0.0947778452458333	-3.2639448131833
SERPINI1	-0.614173393177086	4.63121251572266	-2.60107461506185	0.0138624031297824	0.0947778452458333	-3.26454885304704
ACOX2	0.607196742604167	4.67031264902344	2.59574983406366	0.0140408790781697	0.0952349249291854	-3.27591521762531
POLR3G	0.63128515765625	3.48619368525391	2.59544813987454	0.0140510544977487	0.0952349249291854	-3.27655876984044
EIF1AY	-0.870329996510418	3.17549334697266	-2.59261916125082	0.0141468009166783	0.0955305283266545	-3.28259099573571
BRINP1	0.648489563541667	4.50525401210937	2.58950257697711	0.0142529782910533	0.0959983291161705	-3.28923156800105
NET1	0.520107543749999	3.09457473046875	2.57319791096276	0.014820539216685	0.0983576063292498	-3.32388797377638
UTY	-0.708178139479167	3.52805698886719	-2.57006612584466	0.0149319133022225	0.0989746563841494	-3.33052848094842
CXCL8	0.893924234947916	4.26328637861328	2.54526836987645	0.0158413882941956	0.102444947908554	-3.38292223921363
DMC1	0.613070508229164	2.64449630644531	2.52393679566872	0.0166642267129057	0.105311545891037	-3.42772559576585
HTN3	-0.521298706822918	2.62675412412109	-2.52228204937585	0.0167296699703035	0.10542438724148	-3.43119071366757
XYLT1	0.554492970937499	4.05423039902344	2.51012788133195	0.0172176334554919	0.107964884559496	-3.45659599253659
AKAP5	0.595433400052082	2.61188748935547	2.48628879425256	0.018212843065501	0.111652646618941	-3.5061884542228
FAM13C	-0.523072670208333	2.67414434257813	-2.48056154445313	0.0184596619020712	0.112285397467973	-3.51805572551983
PRG4	0.534819681666666	3.18164423125	2.46537427510099	0.0191290643310313	0.114458552671888	-3.54943581009762
CHRNA6	0.819364147291665	4.56519156679687	2.46475783602242	0.0191566979728257	0.114458552671888	-3.55070676297779
HGD	-0.599738195885417	3.34588290908203	-2.46335299095196	0.0192198106076175	0.114639106127682	-3.55360242353951
AOX1	0.542495096093749	6.25299917568359	2.45795779962153	0.0194639604468741	0.115375274847391	-3.56471261204167
LUZP2	0.867181799843748	4.40188979912109	2.45077851806404	0.0197932418732856	0.11620592037688	-3.57947119596677
IGJ	0.853368219270833	3.56117524589844	2.43555533918343	0.0205083546511006	0.119588039562113	-3.61066887727151
TOX	0.605330478958332	3.61747640195312	2.43161720762551	0.0206971485043252	0.120118876036236	-3.61871797650939
CSTA	0.714644172083332	3.60809989765625	2.42868671001048	0.0208386636236347	0.120363953397577	-3.62470182355262
GPC4	1.15313366229167	4.64172759335938	2.42689343072604	0.0209256965197874	0.120387265431669	-3.62836113176916
PAGE4	-0.503649030937501	3.02339023066406	-2.41979739472577	0.0212733467324134	0.121414767913396	-3.64282296362521
VIPR1	-0.514292719270833	3.60528845566406	-2.41502257727122	0.0215102289132945	0.122604028418321	-3.65253780732299
HSPB6	0.639868747656247	6.21943984150391	2.4054422039014	0.0219927785900388	0.124202159325623	-3.67199033578137
COPG2IT1	0.605285815677082	3.66734453115234	2.40306790003151	0.022113882593954	0.124396295876033	-3.67680304155759
ITM2A	0.810256100416665	3.70619021171875	2.40277573222295	0.0221288267931226	0.124396295876033	-3.67739503882696
HBEGF	-0.584351001875001	4.13753332148437	-2.39923394244631	0.0223107194022494	0.12493131352783	-3.6845675556869
PENK	0.541820284166667	4.60451170078125	2.38780486975496	0.0229069850789258	0.127522963536466	-3.70766292567742
LOC730101	0.648165839583332	4.744824209375	2.38008235927317	0.0233180363233909	0.129059479033131	-3.72322507069629
NPTXR	0.84343444953125	4.84124372470703	2.37473409420257	0.0236066261850625	0.129790291757094	-3.73398223769913
EDIL3	-0.780665197343753	5.37909192822266	-2.36139337615064	0.0243406672179663	0.132418772132655	-3.76074160200689
HSPA12A	0.58550691671875	3.76105493310547	2.34651088991871	0.0251839147008185	0.135274300779658	-3.79046936348364
IGFBP3	0.831340863020833	7.25588155996094	2.34355346320417	0.0253546022219359	0.135612053048142	-3.79636115648883
EPHB6	0.611632684114582	3.98372716845703	2.3171061926611	0.0269281838193264	0.140231888500355	-3.84881705675192
HDAC9	-0.775751890625	4.13931128632812	-2.31329700177578	0.0271619554308357	0.140904691592653	-3.85633764880035
GFRA1	0.678152943593747	3.76859754365234	2.31116504686572	0.0272935927242468	0.14141698254292	-3.86054300512252
LYPD1	-0.890187867968752	4.11296599423828	-2.29693217507553	0.0281872527991761	0.144557140809071	-3.88854736192329
METTL3	0.517529880156248	5.17940645478516	2.29479281568918	0.0283238374395277	0.145003232717489	-3.89274610125237
CCL15	-0.569625224999999	4.64266682265625	-2.26970228172614	0.0299708069906265	0.150611432153404	-3.94178062145035
IL11	0.500246512604165	3.47913434121094	2.24973282554958	0.0313426387616449	0.154309121916948	-3.98053048191768
CHI3L1	1.12410968078125	3.75521864658203	2.22904676377441	0.0328228781945248	0.158422881790745	-4.02041002526105
KBTBD11	0.67234177	3.94943323359375	2.22250893640592	0.0333035660045584	0.159223997334745	-4.03295837666916
FGFR3	0.638503269374999	4.50165872382813	2.22143777750534	0.0333829201007105	0.159269478080403	-4.03501174605917
NEFH	0.631691770729165	3.84898515175781	2.18369865008963	0.0362889376279723	0.165795182836355	-4.10689413747958
ANKRD34C	-0.505781480833333	3.47340387734375	-2.17576336538051	0.0369279542379091	0.167670717717423	-4.121893546601
IFI27	1.09247683854167	5.59004333710937	2.17559337746663	0.03694175213051	0.167670717717423	-4.12221442044215
ANO3	0.559821370572915	3.71640788994141	2.15521070145801	0.0386298704544871	0.172869675223227	-4.1605549612487
TSPAN8	0.844965834218748	4.52101921123047	2.15045770973366	0.039033249223538	0.173587676703991	-4.16945706018914
SERPINB2	-1.0948576296875	4.38617460253906	-2.11053889873183	0.0425714354932655	0.181431542419995	-4.24364392715752
ST6GALNAC2	0.700745571145832	4.49391321738281	2.10057866262185	0.0434973579537265	0.183579775974595	-4.26199200132834
GSTT1	-0.592295979062501	5.49708067714844	-2.07705021105164	0.0457556079861828	0.190209755577167	-4.30507435127448
B3GALT2	-0.573428215833335	2.98275202578125	-2.06997012626838	0.0464550880534821	0.191543725957814	-4.31796657736334
HOXC5	-0.502790783281251	5.19461298388672	-2.06952158086216	0.0464997178853435	0.19154409651908	-4.31878221450776
CELSR1	0.519068967968749	3.85767376435547	2.05431495441183	0.0480352674063598	0.194959389514778	-4.34635444029902
AMPH	0.710291395937499	5.01968064121094	2.0488438665754	0.0485985408925153	0.195759807901564	-4.35623654325058
